3
[[0, 3], [1, 2], [[2, 2],[1, 5], [3, 3],[4, 1], [5, 4]]]
[[0, 2], [[2, 1], [1, 4]],[[2, 2],[1, 8]]]
[[1, 4], [2, 3],[2, 6]]
[[2, 4], [1, 3],[3, 5]]
[[2, 3], [[1, 3],[3, 2]]]
[[1, 2], [[5, 1], [4, 4]],[[2, 2],[3, 8]],[[1, 2],[4, 5], [3, 3],[4, 1], [5, 4]]]
[[1, 4], [3, 3],[3, 5]]
[[2, 3], [[2, 3],[5, 2]]]
[[[2, 2], [[3, 1]], [4, 4]],[[6, 2],[3, 8]],[[6, 2],[5, 5], [3, 3],[4, 1], [5, 4]]]
[[5, 3], [2, 2], [[1, 2],[6, 5], [3, 3],[5, 1], [4, 4]]]
[[[2, 2], [[3, 1]], [4, 4]],[[2, 2],[3, 8]],[[5, 2],[5, 5], [3, 3],[4, 1], [5, 4],[7,7],[1,9]]
[[3, 2], [[6, 1], [4, 7]],[[4, 2],[6, 8]],[[1, 2],[4, 5], [3, 3],[1, 1], [2, 4]]]
[[4, 4], [5, 3],[3, 5]]
[[2, 3], [[2, 3],[5, 2]]]






